Windows_IP: '192.168.1.23'
ServerPort: 8090
AuboIP: '192.168.1.12'
TBC: [0.29429, -0.08180, 0.95221, 0.19689780,
-0.95528, 0.00510, 0.29567, -0.09670395, 
-0.02905, -0.99664, -0.07664, 0.83840010,0,0,0,1 ]
StartPoint: [4.57,36.47,130.57,73.98,81.65,4.85]
StartPointXYZ_IN_EE: [0.501972,-0.1969,0.6955]
Aubomaxacctuple: [0.5, 0.5, 0.5, 0.5, 0.5, 0.5]
Aubomaxvelctuple: [0.5, 0.5, 0.5, 0.5, 0.5, 0.5]