Windows_IP: '192.168.1.23'
ServerPort: 8090
AuboIP: '192.168.1.11'
EE_DIS_TCP: 0.13
TBC: [-0.03751, 0.05514, 0.99777 ,-0.143286 ,
-0.99916, -0.01881, -0.03652 ,-0.1196489
,0.01676 ,-0.99830, 0.05580 ,0.655527 ,0,0,0,1 ]
StartPoint: [2.0469,66.6488,153.339,82.2410,87.786,-2.6249]
StartPointTest: [6.914,57.896,147.5397,93.8056,87.2035,10.226]
StartPointXYZ_IN_TCP: [0.3732,-0.1884,0.592789]
Aubomaxacctuple: [0.3, 0.3, 0.3, 0.3, 0.3, 0.3]
Aubomaxvelctuple: [0.3, 0.3, 0.3, 0.3, 0.3, 0.3]
